40
540
553
611
620
621
622
623
624
625
626
627
628
629
630
631
632
633
634
635
636
637
638
639
640
641
642
643
644
645
646
647
648
649
650
651
652
653
654
655
656
657
658
659
660
661
662
663
678
679
682
683
685
687
692
695
696
698
699
700
702
703
708
709
711
754
755
756
757
758
803
804
813
879
1058
1067
1081
1082
1083
1084
1087
1089
1091
1092
1094
1095
1099
1102
1103
1104
1105
1106
1107
1108
1109
1110
1111
1112
1113
1114
1115
1117
1118
1120
1123
1124
1125
1126
1129
1130
1140
1155
1167
1168
1379
1480
1481
1483
1484
1487
1490
1491
2404
2405
2475
2477
2586
2695
2698
2748
2752
2830
2831
2832
3134
3135
3136
3145
3146
3147
3148
3149
3190
3192
3193
3194
3195
3196
3197
3198
3199
3200
3201
3233
3234
3235
3236
3260
3261
3262
3264
3265
3266
3267
3268
3269
3270
3575
3886
3887
3952
3954
4477
4505
4507
4513
4519
4525
4526
4546
4547
4548
4549
4550
4551
4552
4554
4556
4563
4599
4622
4639
4640
4642
4666
4668
4682
4683
4684
4686
4688
4689
4690
4691
4692
4693
4696
4699
4701
4702
4703
4705
4706
4707
4708
4709
4710
4711
4715
4717
4718
4719
4720
4722
4723
4724
4725
4726
4727
4729
4730
4731
4732
4733
4734
4738
4739
4740
4742
4743
4744
4747
4753
4755
4756
4757
4758
4759
4761
4762
4763
4764
4765
4766
4771
4774
4775
5139
5141
5149
5150
5152
5154
5155
5156
5157
5158
5159
5160
5162
5163
5164
5165
5168
5169
5170
5171
5172
5174
5180
5187
5191
5192
5254
5263
5266
5271
5274
5282
5283
5294
5306
5307
5309
5312
5314
5336
5340
5341
5342
5353
5373
5377
5378
5384
5393
5408
5419
5430
5440
5453
5470
5471
5472
5516
5534
5535
5541
5544
5554
5570
5573
5582
5592
5593
5605
5608
5617
5620
5636
5637
5651
5669
5672
5687
5718
5722
5724
5763
5764
5765
5767
5787
5801
5852
5909
5911
5914
5992
6035
6075
6085
6086
6087
6088
6092
6093
6127
6146
6151
6194
6288
6291
6292
6336
6337
6339
6340
6341
6368
6374
6399
6402
6405
6408
6411
6418
6478
6482
6516
6518
6548
6549
6578
6588
6589
6591
6592
6598
6606
6616
6624
6628
6657
6673
6683
6690
6722
6728
6756
6814
6817
6836
6932
6950
6967
6971
6976
6977
6984
6987
7077
7103
7122
7136
7139
7154
7160
7175
7183
7188
7191
7194
7213
7214
7215
7216
7217
7218
7219
7220
7221
7222
7223
7224
7225
7226
7227
7230
7233
7239
7256
7281
7282
7287
7301
7319
7331
7333
7338
7478
7481
7491
7540
7550
7551
7553
7554
7569
7571
7613
7618
7622
7625
7633
7646
7693
7700
7705
7729
7732
7733
7734
7735
7738
7739
7740
7741
7742
7745
7746
7747
7748
7749
7750
7752
7753
7754
7755
7756
7758
7762
7874
7912
7953
7975
7981
8011
8042
8470
8476
8482
8503
8504
8505
8506
8507
8508
8510
8511
8599
8647
9145
9151
10595
10954
11445
11446
11448
11449
11522
11524
11525
11527
11528
11545
11548
11551
11554
11557
11612
11627
11665
11825
11829
11867
11909
11945
11946
11947
11959
11960
11961
11963
11967
11972
11979
11981
11983
11984
11985
11986
11987
11988
11989
11992
11993
11996
11997
11998
12001
12003
12004
12007
12008
12009
12013
12014
12017
12018
12019
12022
12024
12025
12028
12029
12030
12038
12041
12042
12043
12046
12047
12048
12051
12053
12054
12057
12058
12059
12064
12066
12068
12070
12072
12074
12076
12078
12080
12086
12088
12090
12096
12101
12104
12112
12114
12115
12116
12118
12120
12122
12125
12127
12128
12130
12131
12135
12143
12144
12148
12152
12153
12154
12155
12156
12157
12159
12160
12175
12179
12181
12182
12186
12192
12194
12195
12197
12198
12199
12201
12202
12203
12206
12208
12210
12211
12212
12213
12217
12219
12223
12224
12228
12230
12231
12232
12233
12234
12236
12238
12239
12240
12241
12242
12243
12244
12245
12246
12247
12250
12251
12252
12253
12255
12263
12267
12268
12269
12273
12284
12285
12287
12289
12637
12677
12682
12683
12686
12687
12688
12689
12691
12692
12694
12703
12705
12706
12707
12709
12711
12712
12715
12717
12721
12724
12725
12726
12730
12731
12732
12734
12735
12736
12737
12739
12740
12743
12744
12745
12746
12750
12751
12753
12754
12755
12757
12759
12761
12762
12764
12766
12767
12768
12769
12771
12773
12774
12775
12776
12777
12778
12784
12785
12788
12793
12801
12804
12805
12809
12810
12811
12814
12815
12819
12821
12825
12826
12830
12832
12842
12851
12875
12878
12879
12880
12882
12884
12885
12886
12888
12889
12892
12897
12900
12902
12917
12919
12922
12931
14827
14830
14831
14832
14833
14836
14837
14838
14839
14840
14842
14846
14847
14851
14853
14854
14855
14856
14857
14859
14861
14862
14863
14864
14865
14866
14867
14868
14869
14870
14873
14874
14875
14876
14878
14886
14887
14888
14889
14890
14895
14898
14901
14903
14905
14913
14915
14916
14917
14918
14920
14921
14925
14928
14929
14930
14934
14936
14937
14938
14944
14945
14950
14951
14952
14953
14954
14956
14958
14959
14972
14973
14978
14979
14981
14982
14983
14985
14989
14990
14992
14993
14995
14996
14998
15003
15006
15007
15008
15010
15011
15012
15013
15014
15015
15017
15019
15023
15024
15025
15026
15027
15028
15039
15041
15043
15047
15048
15051
15052
15055
15056
15057
15058
15059
15060
15061
15064
15067
15069
15070
15073
15074
15076
15078
15080
15082
15084
15085
15086
15092
15099
15101
15102
15104
15106
15107
15108
15109
15112
15113
15114
15117
15122
15127
15129
15130
15131
15133
15134
15139
15140
15141
15143
15144
15146
15147
15148
15150
15156
15157
15160
15161
15162
15163
15166
15167
15168
15170
15175
15177
15179
15181
15184
15187
15188
15189
15190
15191
15192
15193
15194
15195
15196
15197
15198
15199
15200
15201
15202
15203
15204
15205
15206
15208
15211
15213
15216
15218
15221
15223
15226
15227
15228
15230
15231
15233
15234
15235
15236
15238
15243
15245
15249
15250
15251
15252
15254
15257
15258
15259
15260
15261
15264
15265
15266
15267
15268
15269
15270
15271
15275
15276
15277
15280
15284
15285
15286
15287
15290
15291
15294
15296
15298
15299
15301
15302
15304
15305
15306
15310
15312
15357
15369
15416
15417
15418
15424
15458
15499
15537
15545
15582
15588
15606
15608
15616
15617
15619
15622
15625
15626
15644
15647
15651
15654
15655
15658
15661
15665
15666
15670
15672
15683
15684
15738
15741
15819
15866
15868
15871
15874
15875
15877
15886
15903
16036
16172
16232
16279
16365
16539
16557
16561
16564
16567
16577
16606
16622
16628
16629
16697
16794
16817
16820
16941
17005
17026
17037
17271
17483
17486
17497
17519
17612
17613
17630
17637
17638
17639
17640
17651
17652
17653
17654
17655
17656
17657
17658
17659
17660
17661
17662
17663
17664
17665
17666
17667
17668
17669
17670
17671
17672
17673
17674
17675
17676
17714
17807
17808
17819
17823
18020
18328
18336
18364
18409
18421
18491
18500
18524
18541
18560
18719
18721
18745
18751
18771
18778
18782
18905
18922
18923
18968
18973
18981
18984
18990
19007
19011
19036
19037
19046
19047
19058
19062
19091
19097
19107
19112
19120
19126
19128
19136
19140
19142
19160
19170
19181
19191
19194
19197
19200
19201
19209
19211
19216
19228
19244
19249
19250
19252
19253
19256
19258
19259
19277
19278
19280
19284
19287
19293
19297
19298
19299
19314
19315
19330
19334
19352
19353
19356
19362
19364
19365
19368
19378
19380
19384
19385
19387
19396
19397
19400
19401
19409
19412
19418
19419
19426
19430
19435
19438
19439
19445
19452
19455
19466
19467
19476
19478
19479
19480
19482
19485
19486
19493
19494
19495
19498
19509
19510
19512
19513
19518
19522
19525
19526
19531
19532
19540
19551
19553
19556
19557
19560
19562
19563
19568
19570
19571
19572
19573
19574
19580
19582
19584
19590
19593
19596
19603
19607
19612
19618
19642
19646
19648
19649
19650
19651
19658
19662
19663
19675
19676
19681
19690
19694
19695
19701
19702
19716
19725
19727
19728
19735
19740
19749
19763
19764
19767
19768
19778
19790
19795
19798
19805
19819
19822
19828
19851
19854
19857
19869
19873
19879
19888
19892
19893
19894
19897
19901
19914
19915
19916
19917
19919
19920
19921
19929
19930
19940
20054
20083
20138
20141
20153
20156
20502
20592
20609
20677
20707
20762
20808
20817
20867
20995
21077
21101
21318
21395
22012
22110
22113
22114
22116
22117
22137
22194
22373
22450
22451
22494
22512
22708
22716
22904
22911
22936
22941
22967
23018
23024
23098
23166
23319
23439
23514
23555
23556
23557
23558
23559
23560
23561
23562
23563
23564
23565
23566
23567
23568
23569
23570
23571
23572
23573
23574
23575
23576
23577
23578
23579
23580
23581
23582
23583
23584
23585
23586
23587
23588
23589
23590
23591
23592
23593
23594
23595
23596
23597
23598
23599
23600
23601
23602
23603
23604
23605
23606
23607
23608
23609
23610
23611
23612
23613
23614
23615
23616
23617
23618
23619
23620
23621
23622
23623
23624
23625
23626
23627
23628
23629
23630
23631
23632
23633
23634
23635
23636
23637
23638
23639
23640
23641
23642
23643
23644
23645
23646
23647
23648
23649
23650
23651
23652
23653
23654
23655
23656
23657
23658
23659
23660
23661
23662
23663
23664
23665
23666
23667
23668
23669
23670
23671
23672
23673
23674
23675
23676
23677
23678
23679
23680
23681
23682
23683
23684
23685
23686
23687
23688
23689
23690
23691
23692
23693
23694
23695
23696
23697
23698
23699
23700
23701
23702
23703
23704
23705
23706
23707
23708
23709
23710
23711
23712
23713
23714
23715
23716
23717
23718
23719
23720
23721
23722
23723
23724
23725
23726
23727
23728
23729
23730
23731
23732
23733
23734
23735
23736
23737
23738
23739
23740
23741
23742
23743
23744
23745
23746
23747
23748
23749
23750
23751
23752
23753
23754
23755
23756
23757
23758
23759
23760
23761
23762
23763
23764
23765
23766
23767
23768
23769
23770
23771
23772
23773
23774
23775
23776
23777
23778
23779
23780
23781
23782
23783
23784
23785
23786
23787
23788
23789
23790
23791
23792
23793
23794
23795
23796
23797
23798
23799
23800
23801
23802
23803
23804
23805
23806
23825
23851
23946
23949
23986
24001
24104
24106
24107
24108
24115
24167
24225
24391
24401
24480
24560
24618
24623
24654
24655
3738
3739
3740
3741
3742
3743
3744
3745
3746
3747
3748
3749
3750
4153
4154
4155
4156
4157
4158
4159
4160
4161
4162
4163
4164
4165
4166
4167
4168
4169
4170
4171
4172
4173
4174
4175
4176
4177
4178
4179
4180
4181
4182
4183
